const API_KEY =  getApiKey();
let isMobile = location.hostname == "m.youtube.com";
let isShorts = () => location.pathname.startsWith("/shorts");
let isNormalVideo = () => location.pathname.startsWith("/watch");

// #region get data from chrome storage

async function getApiKey() {
	let apiKey = await new Promise((resolve, reject) => {
		chrome.storage.sync.get("apiKey", function(result) {
			resolve(result.apiKey);
		});
	});
	return apiKey;
}

async function getCentroids(datapoint) {
	datapointDeepCopy = JSON.parse(JSON.stringify(datapoint));
	let centroids = await new Promise((resolve, reject) => {
		chrome.storage.local.get('centroids', function(result) {
			if (result.centroids) {
				resolve(result.centroids);
			} else { // if no centroids are stored
				let backup = [{"age":8508,"averageDistance":0.17631643281328926,"averageLikesToViewsRatio":0.07541323738686924,"averageViews":94575.53684210534,"coordinates":[0.347891716040732,-0.16359497823606317,0.09612283245087465,-0.138948503041255,0.059451060768527325,-0.02288195065141804,-0.2807942912663878,0.15190171918361908,-0.2527602208255673,0.0824686944014844,-0.3188788826148238,-0.10779365455923903,-0.7563420341392268,-0.1549277289767489],"count":285,"countAgeRatio":0.03349788434414669,"varianceDistance":0.007263609123509129,"varianceLikesToViewsRatio":0.0022520691816246452,"meanSquaredDifferenceLikesToViewsRatio":0.6418397167630239,"meanSquaredDifferenceDistance":2.0701286002001016},{"age":8505,"averageDistance":0.39252585611275237,"averageLikesToViewsRatio":0.04998344005674006,"averageViews":1453593.1940412526,"coordinates":[0.2228197250806835,-0.04666931849377829,0.22208891799710476,-0.07362059976631162,0.10908175030556022,0.4103767140747026,-0.2085592935284885,0.14809402259306448,-0.06804085505036353,0.10977334686478227,-0.1179678430867193,-0.07667049136745267,-1.4636755658646101,-0.08640779006967081],"count":1309,"countAgeRatio":0.15390946502057612,"varianceDistance":0.08921351780521608,"varianceLikesToViewsRatio":0.0013299874872688268,"meanSquaredDifferenceLikesToViewsRatio":1.7409536208348944,"meanSquaredDifferenceDistance":116.78049480702785},{"age":8501,"averageDistance":0.6051594103708522,"averageLikesToViewsRatio":0.05073339441382298,"averageViews":2467440.6295525474,"coordinates":[0.21073490572474451,-0.021106440224233865,0.256031455468186,-0.02908692346463141,0.20909820331008316,0.2706435447863307,-0.1147727274730024,0.14588119916413148,0.2280105802353846,0.21004210046117094,-0.15665980346568986,-0.013130934088077294,-2.4216103746063187,-0.03160403269376695],"count":961,"countAgeRatio":0.11304552405599341,"varianceDistance":0.3161097474405735,"varianceLikesToViewsRatio":0.0014109097872648114,"meanSquaredDifferenceLikesToViewsRatio":1.3558843055614838,"meanSquaredDifferenceDistance":303.78146729039116},{"age":7288,"averageDistance":0.4907822617975332,"averageLikesToViewsRatio":0.07016411550519418,"averageViews":6158351.170212763,"coordinates":[0.3700540710928767,-0.005113366674366856,0.5253350036154061,0.3972198571051644,0.06201446973947313,0.9111484491280752,-0.14342882896753542,0.1768907475078047,0.006851376795646379,0.672058975065074,4.182622452459295,-0.10450357438950814,-1.6007301334779787,-0.09583567070290784],"count":188,"countAgeRatio":0.02579582875960483,"varianceDistance":0.11690943202703971,"varianceLikesToViewsRatio":0.0005312957081957799,"meanSquaredDifferenceLikesToViewsRatio":0.09988359314080662,"meanSquaredDifferenceDistance":21.978973221083464},{"age":6844,"averageDistance":0.48604346205372684,"averageLikesToViewsRatio":0.04201647538200182,"averageViews":33000613.35057473,"coordinates":[-0.11623961479135411,0.28906070606413964,0.7132247452567267,1.685444275123942,0.05878355057270851,1.395287532601792,1.2290834314885433,0.12557734614838623,-0.15565371591324717,0.6391027643420454,2.3162342475075115,-0.11471724164767803,-1.3582793467763965,-0.09119561783083079],"count":174,"countAgeRatio":0.025423728813559324,"varianceDistance":0.08789348303055242,"varianceLikesToViewsRatio":0.000811525868306316,"meanSquaredDifferenceLikesToViewsRatio":0.14120550108529897,"meanSquaredDifferenceDistance":15.293466047316121},{"age":6826,"averageDistance":0.9203957060776312,"averageLikesToViewsRatio":0.021270209161061603,"averageViews":10649895.985074636,"coordinates":[0.11217657777852948,0.038775396298042546,0.11129353706454997,0.43067105656514787,0.06337349263525796,0.8603230779862365,0.07690165729390457,-4.693767999661506,-0.40485974703811684,-0.060299465061736855,-0.35900794938981667,0.001884021785813754,-0.6215417772020483,-0.07382671276926951],"count":134,"countAgeRatio":0.019630823322590096,"varianceDistance":0.6768174359860437,"varianceLikesToViewsRatio":0.00013935581931314017,"meanSquaredDifferenceLikesToViewsRatio":0.018673679787960782,"meanSquaredDifferenceDistance":90.69353642212985},{"age":6382,"averageDistance":0.31879045323914873,"averageLikesToViewsRatio":0.036891906058802305,"averageViews":2026237.1062801946,"coordinates":[0.22446221955747675,-0.07020470976236644,0.0654838897381458,-0.19765079912828537,0.06493322814567754,0.4456998144207417,0.003953025721848784,0.2589022036349738,0.022387396330952665,-0.14750296566560392,-0.4484850457756068,0.0019359216065700626,-0.26839581406086926,0.009416931517006554],"count":207,"countAgeRatio":0.03243497336258226,"varianceDistance":0.015346703223463444,"varianceLikesToViewsRatio":0.0005358952751384771,"meanSquaredDifferenceLikesToViewsRatio":0.11093032195366476,"meanSquaredDifferenceDistance":3.176767567256933},{"age":6071,"averageDistance":0.3996294807186297,"averageLikesToViewsRatio":2.2471381248824938,"averageViews":571913.7435897439,"coordinates":[0.33274830362124547,-0.06737767500059882,0.19978048827150438,-0.2340979441726497,0.22468821052685856,0.4690661185018534,-0.2259945398785642,0.260171745899741,0.46522604562073905,0.23177238698239408,-0.3959131419036181,-0.09653221766406966,-4.793867904873655,-0.0822757254156218],"count":234,"countAgeRatio":0.03854389721627409,"varianceDistance":0.04668203413144123,"varianceLikesToViewsRatio":1129.860795848608,"meanSquaredDifferenceLikesToViewsRatio":264387.42622857424,"meanSquaredDifferenceDistance":10.923595986757247},{"age":5681,"averageDistance":0.5904126894695286,"averageLikesToViewsRatio":21.807442790269917,"averageViews":4513119.042979942,"coordinates":[-0.0001348752774635697,-0.0632803321991507,0.12758817577053908,0.015439578631408485,0.18729309245786657,-0.6601752790468981,-0.36935422214216374,0.18938020637274722,0.023460227318291723,0.14080854488902758,-0.3111705239831888,0.10671286962305988,-2.7721905312525683,-0.05133418526583386],"count":349,"countAgeRatio":0.061432846329871504,"varianceDistance":0.1856974575385093,"varianceLikesToViewsRatio":47485.15613218967,"meanSquaredDifferenceLikesToViewsRatio":16572319.490134196,"meanSquaredDifferenceDistance":64.80841268093975},{"age":4760,"averageDistance":0.5526792063121072,"averageLikesToViewsRatio":0.06444977491956397,"averageViews":543134.5405405414,"coordinates":[0.04032738501441764,-0.011026149463698334,0.10880583718357188,-0.19024951389435543,0.22614849091406203,-0.9854738643487632,-0.5571431721402865,0.13475695698303777,-0.25811399566790955,0.23370213260242875,-0.29339572484604104,-0.03790073067287114,-6.343909838274575,-0.047528157536269475],"count":222,"countAgeRatio":0.046638655462184875,"varianceDistance":0.1791650630309911,"varianceLikesToViewsRatio":0.007739903196957547,"meanSquaredDifferenceLikesToViewsRatio":1.7182585097245755,"meanSquaredDifferenceDistance":39.77464399288003},{"age":4383,"averageDistance":0.3269301655947223,"averageLikesToViewsRatio":0.006130853934037421,"averageViews":644796.3226351351,"coordinates":[0.1601917088413924,-0.06456350078807743,0.18989745268200411,-0.19225537993590078,0.21419390483063847,1.1420617493990652,1.8966519797191488,0.14595463213610294,-0.30974997516103425,0.17901983161407184,-0.3314422478948959,-0.02833996528932434,-1.9309643946050965,-0.03338253729743129],"count":592,"countAgeRatio":0.135067305498517,"varianceDistance":0.09378049390094946,"varianceLikesToViewsRatio":0.00008062953103905297,"meanSquaredDifferenceLikesToViewsRatio":0.04773268237511936,"meanSquaredDifferenceDistance":55.51805238936208},{"age":3582,"averageDistance":1.1201988943656616,"averageLikesToViewsRatio":0.004543819843885637,"averageViews":2153743242.5519114,"coordinates":[-0.35169015601760867,0.9324154676795451,0.6278053628125346,5.044403540468942,0.21854963572737698,1.0666540050575106,1.2621326994076554,0.13047913132177755,-0.4422398273737082,0.3684851084029585,0.6096027090844764,0.596445806830851,-2.4170864901615197,-0.08496394872892161],"count":183,"countAgeRatio":0.05108877721943048,"varianceDistance":0.09921127271021199,"varianceLikesToViewsRatio":0.0000036130809242607587,"meanSquaredDifferenceLikesToViewsRatio":0.0006611938091397188,"meanSquaredDifferenceDistance":18.155662905968793},{"age":3389,"averageDistance":0.6201568855470831,"averageLikesToViewsRatio":0.042725867440959485,"averageViews":23941245.782312937,"coordinates":[-0.5706703602772952,-0.06852272288790194,0.18168156661351142,-0.12745444466977043,0.22323726949542017,-0.11658025761459367,-0.22631694316694387,0.18193224225745203,0.15345985288755398,0.16530475896484648,-0.1745571951076816,0.0683507368705454,-1.2146875774728196,0.14121681668661168],"count":147,"countAgeRatio":0.043375627028622014,"varianceDistance":0.07370121886049803,"varianceLikesToViewsRatio":0.0028294230625215424,"meanSquaredDifferenceLikesToViewsRatio":0.4159251901906667,"meanSquaredDifferenceDistance":10.83407917249321},{"age":2852,"averageDistance":1.1303819275302063,"averageLikesToViewsRatio":0.034248816151652144,"averageViews":1847554.9848484846,"coordinates":[0.38169910724905487,-0.07435538095208002,0.26514510303156225,-0.1641674997729279,0.24852325911836715,0.024451517334756624,-0.38703587613805956,-0.03718808051537381,-0.06732217342646757,0.12768693684923452,-0.2349008469885684,0.8704637150249637,-9.916402489520923,-0.032052823916375775],"count":66,"countAgeRatio":0.02314165497896213,"varianceDistance":0.36085465256867494,"varianceLikesToViewsRatio":0.0003545058239302898,"meanSquaredDifferenceLikesToViewsRatio":0.023397384379399127,"meanSquaredDifferenceDistance":23.816407069532545},{"age":2604,"averageDistance":1.476775384197267,"averageLikesToViewsRatio":2540.689189189193,"averageViews":1,"coordinates":[-1.642007424265606,-0.08066138529085,-3.279802214340538,-0.16442143145253552,-3.3218232578131737,0.8576762275421177,0.8233996705845961,0.3068194519810509,0.24917459966429656,-3.185611371001446,-0.31832527372600367,-12.978125334155981,-7.248445402065,-0.03245814213013053],"count":444,"countAgeRatio":0.17050691244239632,"varianceDistance":0.34617357754832434,"varianceLikesToViewsRatio":94073341.35384715,"meanSquaredDifferenceLikesToViewsRatio":41768563561.10813,"meanSquaredDifferenceDistance":153.701068431456},{"age":2543,"averageDistance":1.942224939524266,"averageLikesToViewsRatio":2216.0487804878053,"averageViews":1,"coordinates":[-1.6749137794908149,-0.08112860531120637,-3.520567009254277,-0.1656341211645622,-3.5701698541392357,0.8921946870865244,0.8594551004180504,0.31132425167765104,0.26044979119512324,-3.410934604982199,-0.320795645380274,-39.52348067934849,-8.876895203848136,-0.03269226369544756],"count":41,"countAgeRatio":0.016122689736531654,"varianceDistance":0.9418553174716504,"varianceLikesToViewsRatio":19711029.802498512,"meanSquaredDifferenceLikesToViewsRatio":808152221.902439,"meanSquaredDifferenceDistance":38.616068016337664},{"age":2379,"averageDistance":1.9920929545498889,"averageLikesToViewsRatio":2831.783333333334,"averageViews":1,"coordinates":[-1.047413828316369,-0.08001664719891523,-3.03430574312597,-0.16349226681062878,-3.065322357114682,0.7253026149905121,0.4920178757027036,0.3088610338797922,0.27012570491408383,-2.957338894573188,-0.316549386783053,-29.164134513160466,-13.237112165634384,-0.03227694424940628],"count":60,"countAgeRatio":0.025220680958385876,"varianceDistance":0.5532791351710141,"varianceLikesToViewsRatio":20018154.469722215,"meanSquaredDifferenceLikesToViewsRatio":1201089268.183333,"meanSquaredDifferenceDistance":33.19674811026085},{"age":2127,"averageDistance":0.3412974419974364,"averageLikesToViewsRatio":3510.394230769232,"averageViews":1,"coordinates":[-1.783693716976299,-0.07912735805309705,-2.635142373157826,-0.16112986674310376,-2.655373701448014,0.9460259989819221,1.097671169545486,0.2950466898932322,0.20677628818613888,-2.5847027470519315,-0.31160447572364613,-6.3486112034048325,-4.546881197770885,-0.031822856793054945],"count":104,"countAgeRatio":0.048895157498824636,"varianceDistance":0.01219112928674695,"varianceLikesToViewsRatio":160838650.75804365,"meanSquaredDifferenceLikesToViewsRatio":16727219678.83654,"meanSquaredDifferenceDistance":1.2678774458216828},{"age":1783,"averageDistance":0.43416096902243123,"averageLikesToViewsRatio":1606.4545454545455,"averageViews":1,"coordinates":[-0.9416577988189679,-0.07777957338905667,-2.336516262870155,-0.15836937122891423,-2.3507350964609093,0.860484804319372,0.9207325307420843,0.29064964608977933,0.20417850072927582,-2.2978171898660755,-0.30609042048734414,-7.1477534570090455,-4.8641014896981245,-0.03128763634816977],"count":66,"countAgeRatio":0.03701626472237801,"varianceDistance":0.02013372532452888,"varianceLikesToViewsRatio":34168228.46005509,"meanSquaredDifferenceLikesToViewsRatio":2255103078.363636,"meanSquaredDifferenceDistance":1.328825871418906},{"age":1683,"averageDistance":0.176283927027888,"averageLikesToViewsRatio":0.051805753165678384,"averageViews":1138907.7783094095,"coordinates":[0.43082666231378264,-0.06728813594693728,0.4008556170640835,-0.14705341388994242,0.4112487282947982,0.06851347730666225,-0.5170978442489541,0.14795223176107372,-0.087222410839666,0.39416929321746075,-0.25222663080147834,0.052774539320258815,-0.3289400566553888,-0.027681239608529893],"count":1254,"countAgeRatio":0.7450980392156863,"varianceDistance":0.020396948152102752,"varianceLikesToViewsRatio":0.0007352981432811186,"meanSquaredDifferenceLikesToViewsRatio":0.9220638716745228,"meanSquaredDifferenceDistance":25.57777298273685}] 
				resolve(backup);
			}
		});
	});
	if (centroids.length == 0) {
		centroids.push(datapointDeepCopy);
	} 
	return centroids;
}

async function getCoordinatesStats(datapoint) {
	let coordinatesStats = await new Promise((resolve, reject) => {
		chrome.storage.local.get(['coordinatesStats'], function(result) {
			if (result.coordinatesStats) {
				resolve(result.coordinatesStats);
			} else { // if no coordinatesStats are stored
				let backup = {"average":[-4.564502073518017,13973.27002477289,5.8657508363224,4572296.066336351,-4.587484639517264,22.298901936575657,54085334807.086655,2.2691805180941746,1825.081750619327,6.184560291126199,12645657.75667496,4.630002412840746,-2.615825707087112,0.00010027214065326205],"correlationMatrix":[[1,0.03679860182811505,0.5140550830753973,-0.035731995150444916,0.4936764950801019,0.020706397274355002,-0.08483026015300064,0.055758124113147664,-0.21828219146383762,0.4861329461765736,0.07623701132530472,-0.183094237949183,-0.1623536244012007,-0.06481296614685116],[0.03679860182811505,1,0.03149706364122274,0.3719069515316645,0.01671228585590957,0.05777162376594212,0.1050798131180243,0.009858670915640815,-0.029584617462793783,0.0271208843491143,0.10859135145792052,-0.0047973401090050365,0.030563523421272415,-0.005900481992827227],[0.5140550830753973,0.03149706364122274,1,0.10516519072567868,0.987904262441453,-0.05347638084189247,-0.06532755645415506,-0.01424150681087852,-0.4153426140782202,0.8974247605209844,0.14662014349806757,0.03376529969888145,-0.10033403647706747,0.009011692840062329],[-0.035731995150444916,0.3719069515316645,0.10516519072567868,0.9999999999999998,0.057459908812112125,0.20528735021973618,0.2099550845228366,0.037467943699199445,-0.055197336903275725,0.08692503809353898,0.3295206049887986,0.15325107074145475,0.11047259759455691,-0.019682633554104413],[0.4936764950801019,0.01671228585590957,0.987904262441453,0.057459908812112125,1,-0.13413625548047495,-0.10681518458160873,-0.020009199155954147,-0.4197441191679431,0.8990382076708935,0.09131253527521718,0.02308479610114834,-0.11646059987067929,0.021126923479780263],[0.020706397274355002,0.05777162376594212,-0.05347638084189247,0.20528735021973618,-0.13413625548047495,1,0.595211445495771,-0.040335329989971094,0.11614979513914896,-0.1310901811749292,0.23040262063102082,0.0701295920605509,-0.1329770657343916,-0.0020051962239495576],[-0.08483026015300064,0.1050798131180243,-0.06532755645415506,0.2099550845228366,-0.10681518458160873,0.595211445495771,1,0.005571587314134885,-0.03998677813253004,-0.1163657920288548,0.1651834489569635,0.05702136587998147,0.15835919417618846,0.03383711018371134],[0.055758124113147664,0.009858670915640815,-0.01424150681087852,0.037467943699199445,-0.020009199155954147,-0.040335329989971094,0.005571587314134885,0.9999999999999999,0.18680279630653168,-0.05843449453326066,0.07648589439331593,0.02151026168002955,-0.103970737992472,0.01270873967866955],[-0.21828219146383762,-0.029584617462793783,-0.4153426140782202,-0.055197336903275725,-0.4197441191679431,0.11614979513914896,-0.03998677813253004,0.18680279630653168,0.9999999999999999,-0.42138960056659563,-0.10087053981456266,0.03806130027480783,-0.16430492572155625,-0.022845797315136456],[0.4861329461765736,0.0271208843491143,0.8974247605209844,0.08692503809353898,0.8990382076708935,-0.1310901811749292,-0.1163657920288548,-0.05843449453326066,-0.42138960056659563,1,0.16687135222719254,0.011119282207237674,-0.12000191112021623,-0.006867637857835075],[0.07623701132530472,0.10859135145792052,0.14662014349806757,0.3295206049887986,0.09131253527521718,0.23040262063102082,0.1651834489569635,0.07648589439331593,-0.10087053981456266,0.16687135222719254,0.9999999999999999,-0.0342488953629481,0.17503471595788583,-0.03294508094482028],[-0.183094237949183,-0.0047973401090050365,0.03376529969888145,0.15325107074145475,0.02308479610114834,0.0701295920605509,0.05702136587998147,0.02151026168002955,0.03806130027480783,0.011119282207237674,-0.0342488953629481,1,0.0366739877298633,0.012313987985826792],[-0.1623536244012007,0.030563523421272415,-0.10033403647706747,0.11047259759455691,-0.11646059987067929,-0.1329770657343916,0.15835919417618846,-0.103970737992472,-0.16430492572155625,-0.12000191112021623,0.17503471595788583,0.0366739877298633,1,0.040215703807131374],[-0.06481296614685116,-0.005900481992827227,0.009011692840062329,-0.019682633554104413,0.021126923479780263,-0.0020051962239495576,0.03383711018371134,0.01270873967866955,-0.022845797315136456,-0.006867637857835075,-0.03294508094482028,0.012313987985826792,0.040215703807131374,1]],"count":3634,"covarianceSum":[[3895086.2908040276,886236465.195863,1585879.7808642546,-81976385421.87129,1356187.4501599923,8029.984463145959,-971345954206145.6,136387.44158447275,-74665764.39088547,1575661.0092389449,303862484126.93866,-1095269.7384152054,-104971.34221231367,-8.854937929161288],[886236465.195863,148867703227367.25,600720391.6915557,5274818213760853,283827733.3062139,138505315.02636814,7438478820573664000,149082374.34054205,-62562035548.197365,543442103.0766885,2675766189705240.5,-177414300.3093415,122166992.73872763,-4983.710603995332],[1585879.7808642546,600720391.6915557,2442791.549318567,191068095743.50137,2149199.8082014816,-16423.164128815337,-592385218751924.2,-27587.149804501078,-112510839.4456655,2303511.8131006197,462795922982.2577,159956.4227644922,-51373.80219560678,0.9750225663011068],[-81976385421.87129,5274818213760853,191068095743.50137,1350930538257100500,92960868270.904,46884611293.293755,1.4158182337689396e+21,53973931731.59328,-11119347503446.69,165924527953.53836,773484767794756700,539893248969.95905,42065038992.03609,-1583670.397618539],[1356187.4501599923,283827733.3062139,2149199.8082014816,92960868270.904,1936978.810549966,-36682.610507786405,-862501830128855.9,-34514.36031387814,-101249228.73295258,2054895.6621108942,256652509842.49564,97381.4748413751,-53099.65238529763,2.035465644332034],[8029.984463145959,138505315.02636814,-16423.164128815337,46884611293.293755,-36682.610507786405,38603.68246172609,678500600193901.4,-9822.175019837741,3955282.284060399,-42299.35279946228,91422788052.78928,41764.140656758085,-8559.3607962614,-0.027273214471712298],[-971345954206145.6,7438478820573664000,-592385218751924.2,1.4158182337689396e+21,-862501830128855.9,678500600193901.4,3.365223622333756e+25,40058399379613.16,-40203887215516300,-1108616876895960.9,1.9352014191587314e+21,1002610965833377.9,300954241113186.3,13588305809.685265],[136387.44158447275,149082374.34054205,-27587.149804501078,53973931731.59328,-34514.36031387814,-9822.175019837741,40058399379613.16,1535680.9740846988,40121627.6831735,-118923.85673395854,191418774321.26538,80794.92188904979,-42209.65950637161,1.090229848407784],[-74665764.39088547,-62562035548.197365,-112510839.4456655,-11119347503446.69,-101249228.73295258,3955282.284060399,-40203887215516300,40121627.6831735,30032240448.720093,-119929734.2129001,-35302941324690.72,19992419.53909457,-9328131.718547765,-274.07237798681865],[1575661.0092389449,543442103.0766885,2303511.8131006197,165924527953.53836,2054895.6621108942,-42299.35279946228,-1108616876895960.9,-118923.85673395854,-119929734.2129001,2696365.851025016,553380528815.2584,55341.89571748417,-64554.68882480384,-0.7806599104233326],[303862484126.93866,2675766189705240.5,462795922982.2577,773484767794756700,256652509842.49564,91422788052.78928,1.9352014191587314e+21,191418774321.26538,-35302941324690.72,553380528815.2584,4077582939058056700,-209621507632.8444,115791269705.47313,-4605290.843765775],[-1095269.7384152054,-177414300.3093415,159956.4227644922,539893248969.95905,97381.4748413751,41764.140656758085,1002610965833377.9,80794.92188904979,19992419.53909457,55341.89571748417,-209621507632.8444,9184575.150266137,36411.443095748975,2.5834100445493147],[-104971.34221231367,122166992.73872763,-51373.80219560678,42065038992.03609,-53099.65238529763,-8559.3607962614,300954241113186.3,-42209.65950637161,-9328131.718547765,-64554.68882480384,115791269705.47313,36411.443095748975,107311.91251390103,0.9119787592520764],[-8.854937929161288,-4983.710603995332,0.9750225663011068,-1583670.397618539,2.035465644332034,-0.027273214471712298,13588305809.685265,1.090229848407784,-274.07237798681865,-0.7806599104233326,-4605290.843765775,2.5834100445493147,0.9119787592520764,0.004792144697722801]],"meanSquaredDifference":[3895086.2908040276,148867703227367.25,2442791.549318567,1350930538257100500,1936978.810549966,38603.68246172609,3.365223622333756e+25,1535680.9740846988,30032240448.720093,2696365.851025016,4077582939058056700,9184575.150266137,107311.91251390103,0.004792144697722801],"variance":[1072.4356527544128,40987803752.02843,672.5747657815438,371952240709554.1,533.3091438738893,10.62876719761181,9.26548354166783e+21,422.81965145503824,8268788.6698017875,742.3914788064471,1122682527273694,2528.7927175842888,29.546231419025613,0.0000013194230995932823]};
				resolve(backup);
			}
		});
	});
	// if any of the coordinates is NaN, set it to 0
	for (let i = 0; i < coordinatesStats.average.length; i++) {
		if (isNaN(coordinatesStats.average[i])) {
			coordinatesStats.average[i] = 0;
		}
		if (isNaN(coordinatesStats.variance[i])) {
			coordinatesStats.variance[i] = 0;
		}
		if (isNaN(coordinatesStats.meanSquaredDifference[i])) {
			coordinatesStats.meanSquaredDifference[i] = 0;
		}
	}

	return coordinatesStats;
}
// #endregion

async function getVideoInfo(videoId) {
	const url = `https://www.googleapis.com/youtube/v3/videos?id=${videoId}&key=${API_KEY}&part=statistics,contentDetails,snippet`;	
	const response = await fetch(url);
	const data = await response.json();
	let commentCount = data.items[0].statistics.commentCount;
	let viewCount = data.items[0].statistics.viewCount ? data.items[0].statistics.viewCount : -100;
	let likeCount = data.items[0].statistics.likeCount;
	let publishedAt = data.items[0].snippet.publishedAt;
	let duration = data.items[0].contentDetails.duration;
	let channelId = data.items[0].snippet.channelId;
	let channelUrl = `https://www.googleapis.com/youtube/v3/channels?id=${channelId}&key=${API_KEY}&part=statistics`;
	const response2 = await fetch(channelUrl);
	const data2 = await response2.json();
	let subscriberCount = data2.items[0].statistics.subscriberCount;
	let videoAge = getVideoAge(publishedAt);
	let durationSeconds = getDurationSeconds(duration);
	return {
		"commentCount": commentCount ? commentCount : -100,
		"viewCount": viewCount,
		"likeCount": likeCount,
		"videoAge": videoAge,
		"duration": durationSeconds,
		"subscriberCount": subscriberCount
	};
}

function getVideoAge(publishedAt) {
	let videoAge = Date.now() - new Date(publishedAt).getTime();
	return videoAge;
}

function getDurationSeconds(duration) {
	if (duration == "P0D") {
		return -100;
	} else {
		var a = duration.match(/P(?:(\d+)D)?(?:T(?:(\d+)H)?(?:(\d+)M)?(?:(\d+)S)?)?/);
		var days = a[1] ? parseInt(a[1]) : 0;
		var hours = a[2] ? parseInt(a[2]) : 0;
		var minutes = a[3] ? parseInt(a[3]) : 0;
		var seconds = a[4] ? parseInt(a[4]) : 0;
		return (days * 24 * 60 * 60) + (hours * 60 * 60) + (minutes * 60) + seconds;
	}
}

function removeCorruptedCentroids(centroids) {
	centroids.forEach(function (centroid) {	
		for(let key in centroid) {
			if (Array.isArray(centroid[key])) {
				if (centroid[key].includes(NaN) || centroid[key].includes(undefined) || centroid[key].includes(null)) {
					console.log("Corrupted centroid found");
					console.log(key, centroid[key]);
					centroids.splice(centroids.indexOf(centroid), 1);
				}
			} else {
				if (isNaN(centroid[key]	) || centroid[key] == undefined || centroid[key] == null) {
					console.log("Corrupted centroid found");
					console.log(key, centroid[key]);
					centroids.splice(centroids.indexOf(centroid), 1);
				}
			}
		}
	});
	return centroids;
}

function removeObsoleteCentroids(centroids) {
	let countAgeRatioAverage = 0;
	centroids.forEach(function(centroid) {
		countAgeRatioAverage += Math.log10(centroid.countAgeRatio);
	});
	countAgeRatioAverage = countAgeRatioAverage / centroids.length;
	let countAgeRatioStandardDeviation = 0;
	centroids.forEach(function(centroid) {
		countAgeRatioStandardDeviation += Math.pow(Math.log10(centroid.countAgeRatio) - countAgeRatioAverage, 2);
	});
	countAgeRatioStandardDeviation = Math.sqrt(countAgeRatioStandardDeviation / centroids.length);
	countAgeRatioStandardDeviation = countAgeRatioStandardDeviation == 0 ? Math.log10(Math.sqrt(Math.pow(10, countAgeRatioAverage))) : countAgeRatioStandardDeviation;
	centroids.forEach(function(centroid) {
		let percentile = (1 + erf((Math.log10(centroid.countAgeRatio) - countAgeRatioAverage) / (countAgeRatioStandardDeviation * Math.sqrt(2)))) / 2;
		if (centroid.age > 300 ) {
			if (percentile <= 0.32 && centroid.count <= 3) {
				centroids.splice(centroids.indexOf(centroid), 1);
				console.log("Obsolete centroid found");
			} else if (percentile <= 0.20 && centroid.count <= 10) {
				centroids.splice(centroids.indexOf(centroid), 1);
				console.log("Obsolete centroid found");
			} else if (percentile <= 0.13 && centroid.count <= 30) {
				centroids.splice(centroids.indexOf(centroid), 1);
				console.log("Obsolete centroid found");
			} else if (percentile <= 0.08 && centroid.count <= 100) {
				centroids.splice(centroids.indexOf(centroid), 1);
				console.log("Obsolete centroid found");
			} else if (percentile <= 0.05) {
				centroids.splice(centroids.indexOf(centroid), 1);
				console.log("Obsolete centroid found");
			}
		}
	});
	return centroids;
}

function saveCentroids(centroids) {
	centroids = removeCorruptedCentroids(centroids);
	centroids.forEach(function(centroid) {
		centroid.age++;
		centroid.countAgeRatio = centroid.count / centroid.age;
	});
	centroids = removeObsoleteCentroids(centroids);	
	// save centroids to chrome storage
	chrome.storage.local.set({'centroids':  centroids, function() {
		if (chrome.runtime.lastError) {
			let smallestCountAgeRatio = Math.min(...centroids.map(centroid => centroid.countAgeRatio));
			let smallestCountAgeRatioIndex = centroids.findIndex(centroid => centroid.countAgeRatio == smallestCountAgeRatio);
			let averageDistance = centroids[smallestCountAgeRatioIndex].averageDistance;
			let remainingCentroids = centroids.splice(smallestCountAgeRatioIndex, 1);
			remainingCentroids.forEach(function(centroid) {
				centroid.averageDistance += averageDistance / remainingCentroids.length;
			});
			centroids.splice(smallestCountAgeRatioIndex, 1);
			chrome.storage.local.set({'centroids':  centroids, function() {
				if (chrome.runtime.lastError) {
					console.log("Error saving centroids to chrome storage");
				}
			}
			});
		} else {
			console.log("Centroids saved to chrome storage");
		}
	}});
	//exportObjectToLocalFolder(centroids, "centroids") // EXPORT
}

function exportObjectToLocalFolder(object, objectName) {
	let json = JSON.stringify(object);
	let blob = new Blob([json], {type: "application/json"});
	let url = window.URL.createObjectURL(blob);
	let a = document.createElement('a');
	a.href = url;
	a.download = objectName + ".json";
	a.click();
	window.URL.revokeObjectURL(url);
}

function calculateDistanceWeights(covarianceMatrix) {
	let distanceWeights = Array(covarianceMatrix.length).fill(0);
	let numberOfCoordinates = covarianceMatrix.length;
	for (let i = 0; i < covarianceMatrix.length; i++) {
		for (let j = 0; j < covarianceMatrix[i].length; j++) {
			if (i != j) {
				distanceWeights[i] += Math.abs(covarianceMatrix[i][j]);
			}
		}	
		distanceWeights[i] =  distanceWeights[i] / (numberOfCoordinates - 1);
		distanceWeights[i] =  1/numberOfCoordinates + (1-distanceWeights[i])*(numberOfCoordinates-1)/numberOfCoordinates;
	}
	console.log("Distance weights: ", distanceWeights);
	return distanceWeights;
}

function sequentialKMeans(centroids, datapoint, covarianceMatrix) {
	let thresholds = [];
	let distances = [];
	let distancesMinusThreshold = [];
	let minDistance = 9999;
	let distanceWeights = calculateDistanceWeights(covarianceMatrix);
	// find minimum distance between datapoint and centroids
	centroids.forEach(function(centroid) {
		let distance = getEuclideanDistance(centroid.coordinates, datapoint.coordinates, distanceWeights);
		distances.push(distance);
		let avgDist = centroid.averageDistance == 0 ? distance / 3 : centroid.averageDistance;
		let multiplier = centroid.age < 100 ? 1 : (centroid.age < 300 ? (centroid.age - 100)/(300 - 100) * (0.75-1) + 1 : (centroid.age < 1000 ? (centroid.age - 300)/(1000 - 300) * (0.5-0.75) + 0.75 : (centroid.age < 3000 ? (centroid.age - 1000)/(3000 - 1000) * (0.25-0.5) + 0.5 : (centroid.age < 10000 ? 0.25 : (centroid.age < 30000 ? (centroid.age - 10000)/(30000 - 10000) * (0.5-0.25) + 0.25 : (centroid.age < 100000 ? (centroid.age - 30000)/(100000 - 30000) * (0.75-0.5) + 0.5 : 0.75))))));
		let varDist = centroid.varianceDistance == 0 ? Math.sqrt(distance) : centroid.varianceDistance;
		let stdDist = Math.sqrt(varDist) > multiplier * 4 ? (centroid.age > 10000 ? 1 : multiplier * 4) : Math.sqrt(varDist);
		let threshold = (avgDist + 2 * stdDist) * multiplier;
		thresholds.push(threshold);
		let distanceMinusThreshold = distance - threshold;
		distancesMinusThreshold.push(distanceMinusThreshold);
		if (distanceMinusThreshold <= 0 && distance < minDistance) {
			minDistance = distance;
		}
	});
	let index = distances.indexOf(minDistance);
	if (minDistance == 9999) {
		console.log("Min distance is greater than threshold");
		console.log("Creating new centroid");
		centroids.push(datapoint);
		index = centroids.length - 1;
	} else { 
		console.log("Datapoint clustered to centroid with index ", index);
		centroids[index] = updateCentroid(centroids[index], datapoint, minDistance);
	}
	let centroidsCopy = JSON.parse(JSON.stringify(centroids));
	saveCentroids(centroidsCopy);
	return centroids[index];
}

function updateCentroid(centroid, datapoint, distance) {
	centroid.count += 1;
	// update centroid coordinates
	let coordinates = centroid.coordinates;
	let newCoordinates = [];
	for (let i = 0; i < coordinates.length; i++) {
		let newCoordinateStats = movingAverageAndVariance(centroid.count, coordinates[i], 0, datapoint.coordinates[i]);
		newCoordinates.push(newCoordinateStats.average);
	}
	centroid.coordinates = newCoordinates;
	// Update distance stats
	let newDistanceStats = movingAverageAndVariance(centroid.count, centroid.averageDistance, centroid.meanSquaredDifferenceDistance, distance);
	centroid.averageDistance = newDistanceStats.average;
	centroid.varianceDistance = newDistanceStats.variance;
	centroid.meanSquaredDifferenceDistance = newDistanceStats.meanSquaredDifference;
	// update likes to views ratio stats 
	let newLikesToViewsRatioStats = movingAverageAndVariance(centroid.count, centroid.likesToViewsRatio, centroid.meanSquaredDifferenceLikesToViewsRatio, datapoint.likesToViewsRatio);
	centroid.averageLikesToViewsRatio = newLikesToViewsRatioStats.average;
	centroid.varianceLikesToViewsRatio = newLikesToViewsRatioStats.variance;
	centroid.meanSquaredDifferenceLikesToViewsRatio = newLikesToViewsRatioStats.meanSquaredDifference;
	// update age stats
	let newViewsStats = movingAverageAndVariance(centroid.count, centroid.averageViews, centroid.meanSquaredDifferenceViews, datapoint.views);
	centroid.averageViews = newViewsStats.average;
	return centroid;
}

function movingAverageAndVariance(count, average, meanSquaredDifference, newValue) {
	let stats = {
		"average": average,
		"meanSquaredDifference": meanSquaredDifference,
		"variance": 0
	};
	let delta = newValue - stats.average;
	stats.average += delta / count;
	let delta2 = newValue - stats.average;
	stats.meanSquaredDifference += delta * delta2;
	stats.variance = stats.meanSquaredDifference / (count==1?1:(count-1));
	return stats;
}

function movingCovariance(x,y,xAverage,yAverage,count,covarianceSum) {
	stats = {
		"covarianceSample": 0,
		"covarianceSum": covarianceSum,
	}
	let xDiff = x - xAverage;
	xAverage += xDiff / count;
	yAverage += (y - yAverage) / count;
	stats.covarianceSum += xDiff * (y - yAverage); 
	stats.covarianceSample = stats.covarianceSum / (count==1?1:(count-1));
	return stats;
}

function getEuclideanDistance(coordinates1, coordinates2, weights) {
	let distance = 0;
	let weightSum = 0;
	for (let i = 0; i < coordinates1.length; i++) {
		distance += Math.pow(coordinates1[i] - coordinates2[i], 2) * weights[i];
		weightSum += weights[i];		
	}
	distance = distance/weightSum;
	return Math.sqrt(distance);
}

function calculateScore(centroid, datapoint) {
	let mu = centroid.averageLikesToViewsRatio;
	let variance = centroid.varianceLikesToViewsRatio == 0 ? Math.abs(centroid.averageLikesToViewsRatio) : centroid.varianceLikesToViewsRatio;
	let sigma = Math.sqrt(variance);
	let value = (datapoint.averageLikesToViewsRatio * datapoint.averageViews + centroid.averageLikesToViewsRatio * centroid.averageViews) / (datapoint.averageViews + centroid.averageViews);
	let adjSigma = sigma * datapoint.averageViews / (datapoint.averageViews + centroid.averageViews);
	let percentile = (1 + erf((value - mu) / (adjSigma * Math.sqrt(2)))) / 2;
	let dislike = 1 - percentile;
	let dislikeVar = Math.abs(dislike - 0.5);
	let normDislikeVar = dislikeVar / 0.229167;
	normDislikeVar = dislike < 0.5 ? -normDislikeVar : normDislikeVar;
	let avg = -1.2;
	let std = 0.55;
	let normDislike = normDislikeVar * std + avg;
	let newDislike = Math.pow(10, normDislike);
	let score = 1 - newDislike;	
	score = score < 0 ? 0 : score;
	return score
}

function erf(x) {
	let sign = (x >= 0) ? 1 : -1;
	x = Math.abs(x);
	let a1 =  0.254829592;
	let a2 = -0.284496736;
	let a3 =  1.421413741;
	let a4 = -1.453152027;
	let a5 =  1.061405429;
	let p  =  0.3275911;
	let t = 1.0/(1.0 + p*x);
	let y = 1.0 - (((((a5 * t + a4) * t) + a3) * t + a2) * t + a1) * t * Math.exp(-x * x);
	return sign * y; 
}


function normalizeCoordinates(datapoint, coordinatesStats) {
	let normalizedCoordinates = [];
	for (let i = 0; i < coordinatesStats.average.length; i++) {
		let standardizedCoordinate = datapoint.coordinates[i] - coordinatesStats.average[i];
		stdev = coordinatesStats.variance[i] == 0 ? 1 : Math.sqrt(coordinatesStats.variance[i]);
		normalizedCoordinates.push(standardizedCoordinate / stdev);
	}
	return normalizedCoordinates;
}

function updateAndSaveCoordinateStats(coordinatesStats, datapoint, normalizedCoordinates) {
	for (let i = 0; i < coordinatesStats.average.length; i++) {
		// coordinates stats
		let updatedStats = movingAverageAndVariance(
			coordinatesStats.count, coordinatesStats.average[i],
			coordinatesStats.meanSquaredDifference[i], datapoint.coordinates[i]
		);
		coordinatesStats.variance [i] = updatedStats.variance;
		coordinatesStats.meanSquaredDifference[i] = updatedStats.meanSquaredDifference; 
		// covariance stats
		if (coordinatesStats.count > 1) {
			let covarianceStats = {};
			for (let j = i; j < coordinatesStats.average.length; j++) {
				covarianceStats = movingCovariance(
					datapoint.coordinates[i], datapoint.coordinates[j],
					coordinatesStats.average[i], coordinatesStats.average[j],
					coordinatesStats.count, coordinatesStats.covarianceSum[i][j]
				);
				coordinatesStats.correlationMatrix[i][j] = covarianceStats.covarianceSample/(Math.sqrt(coordinatesStats.variance[i]) * Math.sqrt(coordinatesStats.variance[j]));
				coordinatesStats.correlationMatrix[i][j] = coordinatesStats.correlationMatrix[i][j] > 1 ? 1 : coordinatesStats.correlationMatrix[i][j];
				coordinatesStats.correlationMatrix[i][j] = coordinatesStats.correlationMatrix[i][j] < -1 ? -1 : coordinatesStats.correlationMatrix[i][j];
				coordinatesStats.correlationMatrix[j][i] = coordinatesStats.correlationMatrix[i][j];
				coordinatesStats.covarianceSum[i][j] = covarianceStats.covarianceSum;
				coordinatesStats.covarianceSum[j][i] = coordinatesStats.covarianceSum[i][j];
			}
		}
		coordinatesStats.average[i] = updatedStats.average;
	}
	coordinatesStats.count++;
	chrome.storage.local.set({coordinatesStats: coordinatesStats});
	//exportObjectToLocalFolder(coordinatesStats, "coordinatesStats"); // EXPORT TO LOCAL FOLDER
	return coordinatesStats;
}

async function main(videoId, isThumbnail=false) {
	let videoData = await getVideoInfo(videoId);
	if (videoData.likeCount == undefined || videoData == null) {
		return null;
	}
	let videoDataLog = {
		"commentCount": (videoData.commentCount == undefined || isNaN(videoData.commentCount) || videoData.commentCount <= 1) ? -100 : Math.log(videoData.commentCount),
		"viewCount": (videoData.viewCount == undefined || isNaN(videoData.viewCount) || videoData.viewCount <= 1) ? -100 : Math.log(videoData.viewCount),
		"videoAge": (videoData.videoAge == undefined || isNaN(videoData.videoAge) || videoData.videoAge <= 1) ? -100 : Math.log(videoData.videoAge),
		"duration": (videoData.duration == undefined || isNaN(videoData.duration) || videoData.duration <= 1) ? -100 : Math.log(videoData.duration),
		"subscriberCount": (videoData.subscriberCount == undefined || isNaN(videoData.subscriberCount) || videoData.subscriberCount <= 1) ? -100 : Math.log(videoData.subscriberCount),
		"subscriberViewCountRatio": (videoData.viewCount / videoData.subscriberCount == undefined || isNaN(videoData.viewCount / videoData.subscriberCount) || videoData.viewCount / videoData.subscriberCount == null) ? -1 : videoData.viewCount / videoData.subscriberCount,
		"subscriberViewCountRatio2": Math.log(videoData.viewCount / (videoData.subscriberCount + videoData.viewCount)) == undefined || isNaN(Math.log(videoData.viewCount / (videoData.subscriberCount + videoData.viewCount))) || Math.log(videoData.viewCount / (videoData.subscriberCount + videoData.viewCount)) == null ? -100 : Math.log(videoData.viewCount / (videoData.subscriberCount + videoData.viewCount))
	};
	let datapoint = {
		"coordinates": [
